2.01000 66.30000 1.00000 1.00000
1.85316 169.43939 1.03317 0.72736
2.93579 138.99507 1.28164 0.84051
2.91436 147.40319 0.80002 0.76203
2.70459 116.54757 1.28649 0.70462
2.45810 79.91426 0.84537 1.00156
2.80541 84.99812 0.79697 0.63291
1.64272 92.94225 0.67664 0.89307
2.08794 169.51725 0.71051 0.93890
2.06617 99.33710 1.27239 0.60046
2.24482 175.53726 1.13687 0.80135
1.05437 102.46430 1.39624 1.32022
2.00689 71.40882 1.01727 0.64749
1.89085 101.10386 1.07855 0.62297
2.59810 112.94747 0.81453 1.29958
2.60660 106.19432 1.27698 0.63361
1.67997 119.63316 1.00513 1.39669
1.00140 69.07264 1.21919 1.04034
2.96284 150.98201 0.71101 0.83475
1.87789 52.44667 0.74524 1.02619
2.33819 85.20021 1.16372 1.02422
2.75854 182.09083 1.24019 1.06002
1.17604 96.80850 0.98469 1.18230
1.73057 133.65047 0.80379 1.11826
2.60957 180.14868 0.69734 0.61830
1.87165 137.21963 0.87172 0.60726
1.39294 132.31923 0.68030 1.26270
1.62657 79.11205 0.64075 1.34211
2.57982 72.01185 1.32467 1.13961
2.93836 59.03672 0.70088 1.11806
1.06512 64.13471 0.95421 1.10471
2.85958 130.39057 1.30039 0.74646
2.92091 122.11826 1.06488 0.66521
1.07001 57.22181 0.86247 1.23764
1.11333 196.54477 1.19916 1.34379
1.82167 66.42187 1.37661 1.25066
1.86010 125.67243 0.85358 0.82417
1.68017 57.87752 0.97318 0.60512
1.73673 55.08706 1.30057 1.27521
2.38041 197.99958 1.36868 1.29991
1.79003 94.45651 1.26516 1.00419
1.16959 116.88084 1.16853 0.69841
1.43596 86.39689 1.39806 0.76328
2.96615 170.43677 0.74306 1.12267
2.81321 172.69839 1.18315 0.75475
2.04976 114.04005 0.78638 0.96612
1.14049 158.53785 0.91712 1.38187
1.48721 156.71228 0.75201 1.25501
2.38629 125.26526 1.18940 0.92121
1.05256 154.34885 1.32815 0.99796
2.80157 157.96190 0.81201 1.24661
2.00458 53.66880 0.74677 1.19467
1.18519 121.48538 0.97130 0.70555
2.10200 189.64235 1.12235 1.35409
1.77156 108.11308 0.90121 1.26813
1.46609 142.64113 1.28814 0.81279
2.06382 195.79188 1.37381 0.60395
2.22276 172.23456 0.84683 0.98387
2.89721 135.75590 1.08751 0.94983
2.55771 191.89331 0.76843 0.85717
1.28629 75.55169 0.83583 0.67823
2.72893 116.99098 0.76285 1.06119
1.07476 104.56171 0.73339 0.91272
2.80021 151.17973 0.97057 0.79214
1.57826 67.98888 0.83425 0.69474
2.64215 55.78913 0.77310 1.30755
1.28040 109.30238 0.69678 0.62088
1.11271 80.96584 0.74859 1.08541
1.58312 59.07431 1.27081 0.85715
2.89403 171.24635 0.61452 0.75875
1.35191 142.80452 0.77395 1.38666
2.12472 116.77453 1.38266 0.96528
2.63367 188.39494 0.62857 0.64106
1.21811 181.77049 1.08533 0.88027
2.07323 122.18122 1.15904 0.82314
2.01009 159.61226 1.18541 0.67790
1.23993 170.71815 0.61802 0.92657
2.32072 51.92970 1.25897 0.65080
2.56204 140.69342 0.85931 0.77372
1.22022 189.12697 1.24289 0.66727
1.16128 113.39094 0.99174 1.33768
2.98957 69.94941 0.75566 0.87689
2.54514 134.35363 1.08228 1.17698
1.83349 86.09716 1.23763 0.99583
2.54186 78.47100 0.96891 1.28676
1.36366 142.47229 1.09715 1.39690
1.76278 114.73747 0.74497 0.87870
1.31412 81.35343 1.34567 0.89975
2.45486 88.23366 1.25213 0.77550
1.96187 84.99897 1.13332 1.06346
2.57193 53.29360 1.05132 1.04928
2.82185 116.10013 1.28618 1.27796
1.30979 128.03382 0.78273 0.64473
1.48732 83.59725 1.24169 1.38114
2.18366 177.27969 1.12499 1.37037
1.23656 130.21769 0.76622 1.26692
1.83288 71.11739 1.37856 1.10690
1.12184 185.47917 0.93492 0.67099
2.35162 118.66085 0.86517 0.94236
2.66196 91.96466 0.89449 0.62450
2.68671 143.28105 0.99073 1.22954
2.61704 68.83799 1.12138 1.07913
2.71204 96.76324 1.27585 0.89832
2.35996 137.60048 1.35259 1.36643
1.31690 68.89023 0.82470 1.37564
1.90942 184.34421 0.69483 0.76592
2.62014 158.20086 0.88100 0.93233
1.95444 174.29387 0.93650 1.21660
2.78740 133.14005 0.63753 0.63502
1.51123 152.00375 1.00853 1.21971
2.00823 82.94310 0.95579 0.73863
1.03920 95.22833 1.34989 0.93256
1.37603 141.60850 1.19061 1.37789
1.92678 76.55588 0.77758 1.24301
1.37901 132.35807 1.26119 1.01659
2.54151 103.83181 1.18292 0.83927
1.41608 129.54853 1.19578 1.20058
1.39875 165.85257 0.87286 0.81841
1.28873 74.55644 1.28406 0.61480
2.46663 106.05896 1.07453 1.24609
1.84612 195.65315 1.26206 0.72053
1.72429 104.82776 0.81409 0.98398
2.57867 72.23028 1.31624 1.38820
2.82161 125.26488 0.65732 1.05480
2.45771 77.87029 1.37161 1.05370
1.90377 53.83355 1.35627 0.63149
2.79701 73.55690 1.32607 1.04851
1.32089 181.55206 1.33762 1.02520
1.11120 67.72854 1.16672 0.77649
1.59214 88.92192 1.24765 0.70819
1.95942 86.01935 0.83120 0.62607
1.69116 120.26153 0.97705 0.88079
2.10382 56.35066 0.60568 1.07238
1.77449 122.81877 1.02660 0.98814
2.58155 64.30663 0.82656 0.66818
1.80778 70.62454 1.35322 1.18432
2.52312 191.68694 0.97224 1.22594
1.01316 184.11458 0.87940 1.35552
1.59527 129.32690 1.18311 1.17376
1.74547 113.69956 1.30613 1.39114
2.53635 138.18963 0.92640 1.21820
2.53746 153.28705 1.34824 1.02258
1.54141 186.18071 0.83472 0.85651
2.84801 67.56532 0.63908 0.63925
1.05640 116.07837 1.30411 1.18169
2.28644 121.66116 0.68122 0.87428
1.38433 184.50013 0.86272 0.92469
1.29680 198.95556 0.82844 0.60407
1.78799 180.31984 0.99692 1.28550
2.46069 111.22973 0.92233 1.37196
2.72171 149.36046 1.24157 0.72460
1.75605 171.49965 1.17674 0.89713
2.81165 72.66730 0.76608 1.25379
2.83080 56.39893 1.20973 1.24647
2.30016 76.59010 0.67605 0.94004
1.36987 75.85952 1.02105 1.01129
1.92085 141.51202 1.25422 0.95218
1.81336 54.99388 1.17892 0.93790
2.59135 171.82077 0.66113 0.81766
1.52972 90.19452 1.18689 1.34127
2.69276 115.56484 0.76159 0.96207
2.34828 98.04847 1.37197 1.30386
1.85944 141.00146 0.76316 1.25855
1.12849 188.23470 1.25526 1.33907
1.82483 155.92141 0.61083 1.25589
2.90696 165.04284 0.97799 0.79090
2.38874 77.73826 0.68551 0.79441
2.50225 119.80287 0.71674 0.95994
1.39036 129.73857 0.63525 0.65342
1.25817 117.70218 0.81626 0.84990
1.54738 62.47399 0.61091 1.36849
1.33329 173.32701 0.84942 1.34501
2.91958 105.33160 1.19314 0.68510
1.96205 170.27092 0.76890 1.14433
1.48803 172.32559 1.11139 0.93467
1.84294 122.05990 0.85462 0.94421
2.63134 101.44286 1.05952 0.96928
2.36443 144.62272 0.63104 0.78503
1.77681 144.45303 1.38869 1.18468
1.15317 106.80639 1.10498 0.98680
1.01516 151.00248 0.65871 0.64612
1.72517 130.39394 1.25123 1.32539
2.43596 68.92438 1.14213 1.07238
1.24647 136.89421 1.03828 0.64323
2.11347 191.65423 1.00463 0.72697
2.81589 52.71247 0.62334 0.63333
1.81733 197.66720 0.80478 0.74841
1.62641 187.29207 1.14821 0.87621
2.99739 61.98463 1.15746 1.14694
1.70102 50.86142 1.15013 0.85680
1.49578 152.60295 0.97144 0.76075
1.10072 139.89573 0.67669 1.14463
1.33219 72.28320 0.77767 1.00617
2.29924 83.46618 0.96516 1.00285
2.46737 116.37512 0.85087 0.72027
2.66875 191.92740 0.63058 1.11720
1.50037 126.38938 0.63176 0.93976
2.58715 159.01203 1.32141 1.22551
1.61757 92.34296 1.14480 0.81594
1.77036 167.55775 0.86061 1.19368
1.31073 155.64778 0.70445 1.36989
1.52799 91.53519 0.90446 0.69332
1.32990 134.26251 1.22027 1.07968
1.25189 114.65891 0.85245 0.74291
2.79440 178.11031 0.87460 0.81192
1.12381 175.46583 0.89611 0.74145
2.34024 66.91535 1.24166 0.73572
1.10704 94.52179 1.26844 0.96448
2.28026 108.01334 1.06670 1.20048
1.39809 184.03267 1.35784 0.93877
1.30489 123.86598 1.34669 0.62749
1.90199 81.13408 0.98964 1.08387
1.59253 148.29523 0.99198 0.65065
1.72565 86.85906 1.05593 1.11051
1.95512 136.38922 0.72911 1.12968
1.94031 98.16703 1.04132 1.11701
1.57706 53.55265 1.16335 1.29851
2.80963 81.51936 1.31438 1.23229
1.31820 81.25501 0.75986 0.86377
2.94911 168.72345 0.90474 1.02591
1.76916 159.48335 0.95217 0.82561
1.10221 182.72750 0.75804 1.07754
1.81634 59.76627 0.74323 0.92960
1.78191 123.98721 0.77654 0.70785
2.83748 112.55516 1.30097 1.21582
1.17722 107.68690 0.87228 1.36195
1.14470 131.94469 1.23059 0.84502
1.75154 98.92653 1.15729 1.18407
2.79300 152.80631 1.39536 1.01195
2.98781 157.07423 1.19328 0.60300
2.69104 160.97664 0.72596 1.02390
1.64644 115.33737 0.91269 0.99275
1.48881 125.99026 1.35042 0.81015
2.83839 198.57971 0.91107 1.39145
1.17629 186.55029 1.36172 1.05822
1.02649 147.02162 1.14364 0.64470
1.45677 58.77182 0.64062 1.29210
1.27355 117.96094 0.90103 1.21724
1.53719 155.63648 1.36538 0.85585
2.01424 67.26672 0.66272 1.16746
1.19561 191.86159 1.30675 0.89958
2.93676 58.87076 1.19056 1.03391
2.83125 130.34649 1.16243 1.02367
2.48034 151.68006 0.82479 0.73019
1.94629 87.06291 1.05795 0.76024
2.95566 77.93530 0.89110 1.21302
2.78781 92.44884 0.83507 1.28486
2.93133 101.63633 1.37069 1.22521
2.28807 59.90636 0.65150 0.88357
2.81775 140.08212 1.06105 1.18581
2.10335 170.60835 0.71315 0.61229
1.38289 169.83675 0.78258 1.21646
1.56713 65.20311 0.66041 1.17188
2.81181 100.83970 0.90722 0.60599
2.12193 193.54207 0.97686 1.16117
1.50360 171.18906 1.07413 1.27485
1.24446 189.12112 0.83944 1.34990
1.64247 135.82393 0.96625 0.79236
2.64092 170.91148 1.06656 1.20891
2.16780 183.03398 0.84774 0.99241
1.02216 51.93821 0.73756 0.79147
2.45857 190.68117 0.80447 1.05712
1.29467 185.63993 1.20000 0.69022
2.58948 77.25170 0.98806 0.76406
2.60920 166.17842 0.78620 1.23841
2.06350 135.59791 0.82361 1.07712
2.78443 192.07938 1.37652 1.39864
1.78821 93.97901 1.15639 0.89356
1.91612 173.86374 0.89269 1.39927
2.99266 184.98633 1.00273 0.95176
1.58336 137.11227 0.93689 0.62783
2.93549 153.33893 0.65637 0.90416
1.06459 135.51264 1.19616 0.71950
2.04369 163.69613 0.69353 0.88222
1.36043 73.69278 0.68661 0.67099
2.81957 169.87675 1.02524 0.92411
2.01130 182.93954 1.39083 1.33216
2.86706 54.44340 0.68960 0.75203
1.55653 97.85473 1.08104 1.08879
1.52558 148.25409 1.36971 1.06530
1.23109 114.61741 0.83537 0.78102
1.03014 89.52959 0.79516 1.06713
2.99212 152.26753 1.38175 1.29661
2.19848 87.39853 1.04896 0.97579
1.03266 80.64245 1.25990 0.98861
2.32297 96.16486 1.11877 1.25498
1.47705 114.34829 1.02621 0.82922
2.44879 77.72968 0.69060 1.37418
2.89224 136.15830 1.25849 0.70848
2.15461 139.93162 1.01608 0.60444
1.04511 105.58858 0.67659 0.69397
1.87994 136.15801 1.31005 0.84007
2.82192 94.45966 0.85231 1.29640
2.10554 131.56783 0.73881 0.77612
2.54662 165.52430 1.19188 1.01844
2.81959 106.03812 0.98391 0.89502
2.56175 116.58447 1.00698 0.90725
1.62453 122.09373 0.99473 0.64950
2.47235 70.58576 1.16566 1.39991
2.94307 101.39625 1.31601 0.80404
1.42516 63.15107 0.66802 0.91800
1.13802 83.38243 0.77730 0.63251
1.01384 107.62490 0.64811 0.65985
2.28600 169.80445 1.17407 1.15629
2.48180 125.45044 1.29995 1.01368
1.25584 152.67089 0.98477 0.94189
2.39716 65.65609 1.12133 1.29386
1.45265 73.87248 0.93301 0.72974
2.06914 60.79913 1.33926 1.28951
1.80517 103.03490 1.10911 0.75844
2.19384 125.07659 0.89104 1.37169
1.08657 172.60946 0.82541 0.78699
1.87199 140.01537 1.36446 0.92243
2.66282 113.66660 0.75453 0.99699
2.96203 81.78295 0.81874 0.63580
1.79992 103.33688 1.10008 1.10423
2.19480 186.13829 0.91278 1.34397
1.93804 72.86618 0.79568 0.75770
2.78376 86.62550 0.68385 1.33480
1.64660 192.03029 1.22286 0.62593
1.37809 59.93598 1.14546 1.09583
1.20956 169.62812 1.31066 1.32684
1.34544 53.74147 1.14516 1.01878
1.21662 183.72115 0.88603 0.91742
1.32075 198.14516 1.09128 1.12981
1.62761 99.19318 1.12587 1.19070
1.15269 152.33652 1.01627 1.39669
1.40844 85.59609 1.30165 0.62354
2.07665 58.81420 0.73143 1.06296
2.65591 130.85266 0.63898 1.31728
1.12796 185.14556 1.23388 1.37479
2.76986 158.80567 1.28352 0.66779
1.99491 96.48381 1.00634 1.23696
2.24518 69.42466 0.76452 0.79109
2.25009 89.07172 1.13565 0.70388
1.94668 185.82266 0.69719 0.94713
1.26928 152.89859 0.82536 1.33827
1.68548 72.15503 0.99098 0.83657
2.21852 185.56032 0.92455 1.21422
2.62849 140.10734 1.04472 0.71234
1.51070 190.26379 0.98146 0.92630
2.80108 74.96023 1.34131 1.39038
1.19405 53.40140 0.95754 0.97613
2.27401 57.66416 1.27354 1.13759
1.67585 95.72200 1.34131 1.21637
2.73030 131.21213 0.91475 1.11640
1.72665 124.52047 0.85818 0.69842
2.71061 135.83674 0.87865 1.19745
2.37779 173.92912 1.29946 1.19464
1.85346 148.09810 0.62844 0.93471
1.70816 155.30747 0.98222 1.24821
1.19925 63.46110 1.34662 0.97065
1.46805 129.26224 1.30514 1.34359
2.72462 74.64793 0.91980 1.28160
1.41008 180.99264 1.14332 0.63337
1.66733 168.85420 1.26282 0.72972
1.05995 151.35091 0.86092 1.21571
2.79761 120.97232 0.60332 0.71831
2.03041 55.70562 0.61628 0.72710
2.99511 70.57283 0.65809 0.68705
1.14490 66.93525 0.70280 0.94376
1.85024 105.27365 1.28490 1.20404
1.03535 90.83998 0.77760 0.65466
1.66607 57.03729 1.00352 0.65105
1.47114 150.45852 0.74077 1.12484
1.95255 60.38945 1.16614 1.16952
1.22159 184.43670 0.87407 1.38900
1.87682 130.91376 1.06440 0.91738
1.24059 163.01586 0.82695 0.81995
1.78261 144.93923 0.88793 0.89879
1.11437 81.66538 1.13979 1.25946
2.36465 65.48541 0.94619 1.34007
1.60270 144.02648 0.99533 0.68159
2.18743 91.38339 1.08663 0.60972
1.87419 131.47728 1.02409 1.20016
2.71793 121.20603 0.74074 0.64469
1.95160 173.94762 0.63722 0.62650
1.88505 72.06942 0.95963 0.91201
2.04565 80.72674 0.72054 1.06204
1.74424 167.56546 0.66702 1.22096
2.39596 180.05469 0.98222 0.75185
2.56131 77.30922 0.96889 0.62659
1.99836 182.04461 0.89032 0.98285
1.78761 184.55678 0.79939 1.36248
2.78624 186.83709 0.99256 1.00433
2.34763 89.19497 1.35915 1.29345
1.21911 89.32545 1.06841 0.81954
1.52800 87.70799 1.31309 1.13834
1.10238 185.85049 0.80271 1.08370
1.22665 197.69011 0.95886 1.29455
2.14327 65.09889 1.28840 1.02082
1.31678 56.86416 0.86395 0.79439
1.43310 94.01608 0.73810 1.01798
1.77045 64.74383 1.24179 0.74376
2.84312 167.03622 0.99912 0.80352
2.68430 75.93304 0.76165 0.92055
1.37182 104.38957 0.99969 0.93316
1.65874 72.83941 1.17707 1.25723
1.56305 155.50969 0.83914 1.24657
2.94667 177.95016 1.02331 0.99711
2.71110 84.78969 0.95678 0.90137
1.16815 160.43325 1.19307 0.75371
1.71265 124.58940 0.80350 1.39999
1.97885 68.82911 0.94720 0.90803
1.40206 54.24422 1.19691 1.13536
1.95005 86.76146 1.08397 1.24489
1.53943 129.60146 0.65912 0.92988
1.77203 186.49535 0.90972 1.04862
2.92273 99.28253 0.82072 0.67440
2.32591 194.69979 1.33151 1.21363
2.26931 93.28135 1.34064 0.87894
1.95736 178.09555 1.38793 0.74319
2.97100 99.35181 1.09606 0.99708
1.09077 172.41847 0.79540 0.78769
1.96699 194.31061 1.24588 1.28815
2.69176 184.14592 0.72609 1.39601
1.58718 113.48100 0.78054 1.31785
2.41344 159.26192 0.86901 0.84545
2.96910 179.44137 0.68498 1.38983
1.68197 185.02847 0.61690 1.12271
2.14425 131.98032 0.77262 0.92139
1.32675 184.81853 0.95295 0.94486
2.04040 193.69527 0.90905 0.66328
2.02987 108.74036 1.00985 0.61095
2.83856 120.06404 0.60662 1.28476
1.70160 85.58523 1.23366 1.38826
2.17620 90.39255 0.80283 1.28783
1.53176 139.83415 0.94978 0.95580
1.39542 150.67236 1.01400 1.29159
2.69353 157.28030 0.97462 1.26539
1.53027 169.80411 1.26856 0.91059
2.85193 65.99544 1.26406 1.33835
1.24306 191.66156 1.09367 1.28274
1.17411 62.44839 0.65036 1.28614
2.09256 94.77281 0.82220 0.85686
1.88218 72.57343 0.85779 0.71561
1.56094 96.59239 0.70171 0.86071
2.98422 154.76685 1.13167 0.92243
2.83794 78.84807 0.89688 0.61670
1.11794 182.12367 0.72164 1.16706
2.71691 130.94934 0.63471 1.30259
1.87247 183.42086 0.80404 1.14024
2.59904 199.24861 0.99610 1.16527
2.46167 76.28607 1.10887 1.06212
1.06111 53.92281 1.33971 0.61569
1.32657 123.98984 0.94652 0.90497
1.03101 197.02215 0.62457 1.14404
2.42180 185.35809 0.63515 1.17009
1.34078 74.19910 1.17756 0.99635
2.62064 86.04206 0.73480 1.39532
2.05839 97.64657 1.28649 0.77271
2.25386 171.36667 1.38418 1.33023
2.64208 117.29217 1.35475 0.72847
2.78017 90.01473 1.11958 1.01184
2.96660 123.01854 1.08547 1.32054
2.60487 127.37951 0.93830 0.86448
1.56084 117.64330 0.69889 1.38130
2.71715 59.02641 0.84420 0.90442
2.36724 128.33543 0.85106 0.63204
2.27903 74.89958 1.32097 1.27190
1.05217 86.61147 1.12895 0.92123
2.94620 190.32161 1.16547 0.72826
2.42103 68.39718 0.91055 1.03245
2.84269 166.14729 1.28673 0.77459
2.46255 144.27428 1.36904 0.97801
1.80821 195.85217 0.90113 1.22398
2.76355 132.17223 1.32767 0.72659
2.48697 160.48181 0.73623 1.11928
1.03844 55.31754 1.24069 1.35962
1.87708 127.53296 0.83689 1.16900
1.37689 73.27581 0.98643 1.11565
2.54341 181.41833 1.03633 1.31155
2.84040 99.43267 0.60803 0.88159
1.14841 112.59777 0.66491 1.29928
1.93874 163.05544 1.25175 1.02544
1.54422 63.85736 1.32083 0.86196
2.16659 84.81802 1.28308 1.38594
2.31287 159.54456 0.84401 1.11874
2.66777 193.33807 1.33457 1.10431
2.65071 150.47981 1.19257 1.00286
1.91764 73.03096 0.77618 0.86579
1.18880 110.21507 0.77341 1.18946
1.48772 183.94902 0.85819 1.16716
1.59976 63.17434 0.87878 0.79935
1.73032 124.48539 0.98167 1.19846
1.73708 105.39231 1.19286 0.68566
2.21935 173.27255 0.83250 1.27642
1.39711 112.21856 1.19828 0.66579
2.30443 138.51908 1.12096 0.85001
1.88464 191.20178 1.11203 0.73486
1.22981 63.62391 1.14661 1.11312
2.86318 62.88165 0.87526 1.25467
2.58996 128.14825 1.39951 0.69841
1.28818 170.14813 0.85240 1.35562
1.83106 63.27499 0.71528 0.65607
1.73960 81.23967 0.78507 1.22080
2.40434 171.22897 0.82721 0.69714
2.00432 62.64366 0.93428 0.68526
1.17061 141.49102 1.01419 1.01568
2.45985 68.60502 1.31636 1.01024
2.54627 117.39127 1.30903 0.93565
2.43335 117.16307 0.86519 1.04610
2.85250 140.75344 1.33101 1.23907
1.23861 101.39368 1.03604 0.90992
1.67609 191.37897 0.71315 1.32030
1.20779 161.07681 0.75620 1.03501
1.91115 183.18806 1.30333 0.71753
1.21129 78.11419 0.93612 1.28426
2.64625 88.37501 0.87727 0.87479
1.55187 146.43631 0.95402 0.76219
2.22622 120.60728 1.04201 0.88380
2.92305 124.92564 1.09278 1.26782
1.85844 87.61787 1.08268 0.84967
2.43182 186.33158 1.04670 0.86087
2.55854 137.44056 1.07780 0.82472
2.05986 160.83682 0.82787 0.99428
1.75113 176.12745 1.02619 1.34506
1.82804 88.57626 0.78505 0.87040
1.15941 89.66037 0.68009 1.14447
1.28589 153.03539 0.74468 0.83014
1.02584 63.19713 0.92036 0.89736
1.81517 140.88445 1.13680 1.04276
2.57689 191.92436 1.18712 0.86528
2.55891 125.82610 1.00437 1.26608
1.15097 116.45020 1.16965 1.18443
2.82565 72.97024 0.80310 0.91425
2.64482 50.74801 1.16279 0.80045
2.61960 74.75394 1.36640 1.34281
1.36832 68.52075 1.31594 1.19554
1.69742 143.04667 0.75941 0.82032
2.41551 86.81793 0.68125 1.11857
1.67520 114.38203 1.35308 0.61133
1.94115 55.60393 0.90103 1.03740
2.31334 199.66872 1.10953 0.88301
2.72561 111.39579 0.74309 0.97331
2.39472 197.20363 1.16137 0.92909
1.59346 69.44867 0.65256 0.95898
1.89423 88.17081 1.19716 0.98422
2.95997 172.66438 0.91147 0.89526
2.94389 88.62120 1.10485 0.83032
2.68501 100.73104 0.91517 1.20737
2.71951 193.05919 0.99339 0.94219
2.52827 116.81255 1.24312 0.87190
1.61095 101.20113 0.61860 1.10897
2.76416 122.93153 0.94482 0.94851
2.00709 51.86067 0.87999 1.04847
1.01260 85.08317 1.04102 1.34828
1.39872 97.38667 0.92199 0.91898
1.46594 178.19770 1.04772 1.34677
2.98373 66.44371 0.62331 0.78488
1.98650 76.66485 0.80314 1.16093
1.57835 143.96170 1.20918 0.99837
1.95905 144.60071 1.15460 1.00591
1.58567 114.04651 0.63077 0.94989
2.38424 180.43084 0.93247 0.76177
2.26455 99.17090 1.32331 0.65242
1.36319 62.23675 0.84465 0.81924
2.71133 116.12659 0.84603 1.19535
1.37267 111.77289 1.35876 1.01273
2.58385 73.30506 1.14407 0.91697
1.88446 145.23885 1.10885 1.30607
2.14419 120.14752 0.73408 1.37772
1.38672 77.62349 0.67131 0.95349
2.18634 132.97605 0.90881 1.22393
1.32316 54.46227 0.70751 1.10830
1.12394 69.91748 1.10552 0.71360
2.11733 114.55229 0.82079 0.63139
1.21710 107.41181 0.90099 0.78326
2.29830 174.59210 0.92641 0.68438
1.85188 56.39711 1.06606 0.68453
2.03226 85.79426 0.92015 0.88248
1.17689 99.46667 0.91913 0.98929
1.71657 148.70839 1.12965 0.81899
2.61962 88.23021 0.94745 0.91666
1.15029 152.87274 0.79417 1.29440
2.27799 169.55747 0.82138 1.31520
2.38910 83.32470 0.84096 0.85571
1.31218 185.76280 0.82229 0.87916
1.85161 194.58450 0.63800 1.36490
2.32790 93.54105 0.90007 0.67418
1.13821 190.61680 1.25719 0.68099
1.55926 161.02330 0.92639 0.83376
2.84676 100.81134 1.30481 1.05902
2.91228 130.04320 1.27540 1.06026
2.94162 179.51488 0.68618 1.04310
1.48562 169.28394 0.63161 1.15728
1.95552 117.16504 1.12860 1.31558
1.84856 108.81331 0.89359 1.04207
1.18469 69.60769 0.73166 0.85238
2.29924 64.88586 0.96107 1.12652
1.55056 185.13468 1.00962 1.17571
1.70488 197.80368 0.80198 1.15200
2.97824 166.58023 0.77675 0.61507
1.75604 98.50406 0.61341 0.76620
1.46234 89.84775 1.11648 1.28957
2.03616 96.23537 1.19339 1.39555
1.81420 158.51264 1.09543 1.11317
1.44002 187.05065 1.15908 0.61386
2.57911 66.11118 1.23056 0.95674
1.83212 129.20081 1.38587 0.84683
1.76017 64.34100 0.78557 0.80312
1.15480 156.78347 0.73421 1.17642
2.63357 145.66760 1.06735 1.19948
1.83680 154.11999 1.32404 0.92326
1.95665 165.84820 1.05007 1.39501
2.08767 154.76793 1.22552 0.71778
1.11519 62.14262 0.88898 1.28469
2.84391 124.42500 0.63540 1.34855
1.74966 193.59698 1.34040 1.04641
1.96779 97.91132 1.02771 1.27132
2.35029 71.05209 1.18299 1.11062
1.44496 51.48366 0.84281 1.18130
2.85651 54.59488 1.31114 0.98697
2.95689 135.54300 1.16194 1.05518
1.47877 119.68675 1.37553 0.91088
2.50609 84.30685 1.05414 0.62874
1.28690 111.67201 0.78025 0.74372
2.72186 84.11871 0.67565 0.92577
2.74643 66.37507 1.08066 1.18923
1.64038 139.23528 1.25980 0.61102
1.78212 198.59640 1.25229 1.12297
1.47714 146.80876 1.33545 0.94078
2.35355 91.08822 1.15081 1.22396
1.63022 157.80985 1.11735 1.00967
2.50173 65.68529 1.03552 0.69259
1.96071 147.21762 0.67877 1.02808
1.72842 85.83516 0.62124 0.72919
1.03493 96.59087 1.19283 1.13718
2.26007 170.94189 0.91292 0.81056
1.53179 180.86682 0.91597 0.68319
2.36854 53.06351 0.99730 0.86160
1.16552 148.30786 0.70360 1.02893
2.47849 80.28664 0.60079 0.69887
1.60261 91.18825 0.64909 1.25764
1.15829 198.41402 0.95608 0.66035
2.35588 139.94067 0.87110 1.02140
1.04605 127.98895 0.78281 0.87983
2.01908 103.13553 0.83066 0.74278
2.20414 116.21540 0.80949 1.30333
2.04578 129.12068 1.35102 1.28981
2.10263 172.41403 1.36678 0.76509
2.14744 73.95063 1.05261 1.33834
2.23985 171.85763 1.23879 1.34414
2.58040 74.53086 0.76561 1.25300
2.59388 60.89526 0.97049 0.64651
2.51600 55.97039 1.21719 0.71298
1.49822 171.92927 1.15221 1.26931
1.86421 114.56110 1.11020 1.32526
2.76130 66.49021 0.64985 0.78673
1.05616 170.81048 0.61446 1.05615
1.44585 94.40147 1.20485 1.07293
2.54074 108.71356 1.11355 1.05566
2.54159 174.99627 1.21815 1.31447
1.34744 145.45857 0.73650 0.66775
1.69738 137.30572 1.33225 0.89317
2.18696 114.63710 1.07163 1.00969
2.90104 85.60896 0.71161 0.80193
1.64546 185.41628 0.77445 0.85161
1.20251 135.10294 1.09054 1.00255
1.77942 103.74319 1.27552 1.15588
1.00138 110.52674 1.30356 0.64434
2.24094 117.80588 0.87382 0.82751
2.51247 151.78178 0.96224 1.15134
2.37920 172.20999 0.77715 0.92177
2.23452 148.32112 1.00226 1.35666
2.48426 162.10483 0.98556 1.21663
1.88741 154.32509 1.05841 0.68953
1.97954 99.14226 1.05714 0.88921
1.81440 53.47798 0.79854 1.19988
2.23698 84.06857 0.94997 1.24059
2.57658 196.56209 1.31568 0.64193
2.28859 182.53870 0.68905 0.79777
1.27784 167.73080 1.10819 0.70330
2.31348 62.62226 1.18470 0.88400
2.43671 80.70446 1.18480 1.01258
1.10292 76.32993 0.93572 0.84777
2.52023 160.91927 1.38552 1.04452
1.03153 199.81793 1.08756 0.91656
2.40242 142.15707 1.38178 1.13521
2.19739 188.69901 0.84521 1.26140
1.49497 189.89879 1.25279 1.09140
2.01579 97.25344 0.88895 0.67424
1.99180 148.65926 1.09641 1.36269
2.91924 85.62288 1.31830 1.09551
2.73854 110.93456 1.12156 0.88042
2.84778 102.81233 0.89374 0.65627
2.48856 184.68425 1.22857 1.07986
1.73016 68.36391 1.32207 0.87557
1.53921 154.57264 1.20818 0.74301
2.82874 147.62264 0.61084 1.15500
1.07914 96.74509 1.03862 1.03597
1.96181 69.62929 1.38114 1.06161
1.04256 141.91691 1.12044 1.06286
1.08215 132.43425 0.91411 0.61145
1.44359 173.54450 0.76491 0.94761
1.12382 125.92599 1.30155 0.97304
1.95506 122.27002 1.01612 0.86594
1.41005 79.74072 1.14360 1.30223
2.91528 86.26752 0.95817 1.21373
2.28130 153.75824 0.74036 1.02041
2.63174 186.71365 0.83554 1.06866
2.86840 83.74238 0.61080 0.69530
1.44157 87.56664 0.89466 0.80291
1.73073 118.92659 1.25415 0.98479
1.13672 109.57214 0.70700 1.25314
2.66595 135.91612 0.88426 1.03507
1.56409 78.51982 0.62734 1.28515
2.10527 132.75287 0.75196 0.67205
2.06921 53.17720 0.84970 0.76159
1.69402 108.92322 1.08026 0.69387
2.51173 74.35832 1.28766 1.03201
2.33175 187.11468 0.99524 1.37092
2.06409 90.46236 0.93297 0.89154
2.04524 116.39599 1.37684 0.77316
2.39884 177.11447 0.63932 1.07936
1.57685 139.23136 0.89242 1.19263
1.74137 56.72652 0.82670 1.01065
2.18251 62.50323 1.00076 0.72869
1.69623 86.94218 0.61100 1.36991
2.28643 155.94896 0.88750 0.76361
2.55950 85.17994 0.87279 1.19354
1.86274 160.66259 0.72300 0.75045
2.98539 169.11856 0.85920 1.22100
1.17636 170.31395 1.27576 1.31146
2.29958 179.23071 0.93533 1.04900
2.52851 93.23092 1.11851 1.06490
2.67698 177.54561 0.74044 0.73456
1.44278 67.73706 0.63379 0.69074
2.33274 171.29799 0.69226 1.02408
2.40483 86.00040 1.26978 1.03990
2.93354 198.46197 0.60533 1.18791
1.50608 83.69728 1.30028 0.85788
2.94221 146.74674 0.91935 1.02228
1.99865 61.45812 0.76464 0.67215
2.50075 106.51732 0.91238 0.81869
1.85160 162.95980 1.01662 1.29337
2.20120 149.82132 1.35355 0.69099
2.88902 137.27822 0.91492 0.64232
1.78036 77.12205 0.94634 0.78829
1.99131 157.39659 0.65279 0.81272
1.36640 163.43744 0.74867 1.24673
2.45418 152.38025 1.19846 0.72082
2.55594 124.37491 1.19146 1.31529
2.71948 151.00841 0.99110 0.77200
1.26365 181.28065 0.62413 1.23213
2.89024 148.56233 1.26777 1.39957
1.58395 128.87749 1.20755 0.71358
1.81502 63.06880 1.22128 1.13873
1.48684 161.33148 0.87300 0.89285
1.09156 94.79969 1.03620 0.63740
2.58482 147.18478 0.77461 1.35898
2.43850 100.23008 0.95378 1.18842
1.99663 133.23067 1.04984 0.80489
1.67733 111.45744 1.14663 0.98801
1.05606 57.97367 0.89527 1.30030
1.60655 116.15984 0.67122 1.13218
1.78085 103.81397 1.00207 0.60296
1.42763 132.34314 1.18145 0.92251
1.01355 91.20116 1.08609 0.92770
1.65277 54.27931 1.38687 1.21294
1.02083 102.38542 1.18031 1.33964
2.51131 93.43929 1.36857 1.35115
1.74792 55.19111 0.71621 0.90895
1.76543 73.78312 1.13877 0.91066
2.05910 114.61996 1.36916 1.24070
2.37391 131.23618 0.94186 0.68883
2.28569 77.97252 1.09921 0.93526
1.94220 111.24902 0.76480 0.83453
1.58141 75.01013 0.79290 1.04346
2.07387 123.73980 0.84501 1.37708
1.81694 176.16778 0.99342 0.99134
1.84864 112.31546 0.66547 1.00022
2.97131 106.03961 1.38303 0.84392
1.14055 102.38952 0.96862 0.78832
2.04373 180.25434 0.62086 0.99672
1.53577 155.79319 0.72891 0.92579
1.52742 161.80745 0.80713 0.79280
2.61386 159.64784 1.12044 1.35979
1.50893 149.44846 1.18540 0.68532
1.34457 175.12743 0.94353 1.05778
1.45856 107.74250 0.60558 0.85828
1.90751 115.33620 1.20149 0.81185
2.84342 81.22889 1.01311 0.71931
1.80524 185.49370 0.79797 1.17967
2.17655 193.09321 1.12625 1.34163
2.80438 79.40542 1.01289 1.10547
1.43177 156.74365 1.34378 1.20930
1.56711 92.53739 0.69221 0.82898
2.57198 87.54809 1.12646 0.80677
2.98145 165.10018 1.33027 0.73341
2.98763 162.06387 0.64697 1.00836
1.19534 116.03755 1.05925 1.39658
2.65849 97.62348 0.98767 0.83451
1.01218 83.80731 1.30222 0.61333
2.11800 194.09778 0.72352 0.83969
2.46227 170.05251 1.23024 1.29276
1.53549 89.16170 1.34324 0.77372
2.98491 148.72783 0.75818 1.22775
2.66824 183.70891 0.74219 0.73735
1.17678 192.32612 1.18470 1.08000
1.73458 122.03457 1.30721 0.62588
2.41443 112.55745 1.21574 1.11410
1.42974 57.20576 1.31810 1.00611
1.92587 100.95152 1.36621 0.90025
1.37379 155.47242 0.79292 1.15051
2.77913 192.27832 0.83545 1.27416
1.07984 137.59869 1.37347 0.82311
1.94874 134.44257 1.31388 1.25897
1.87764 79.04363 0.87990 0.63872
2.91648 155.89386 0.95339 1.18249
1.17561 69.07443 1.02250 1.18515
1.09007 99.29433 0.82552 1.23927
2.65984 136.49406 1.27092 1.34939
1.94077 161.13501 0.92102 0.92592
1.17166 175.32604 0.79273 1.33702
1.72896 170.51507 0.74731 0.98307
2.87596 104.68058 0.76566 1.04179
2.04611 62.31727 1.37634 1.04103
1.75700 91.31966 0.83392 1.04340
2.39793 175.07045 0.78778 1.11081
1.67922 89.32657 0.68127 1.31765
1.51394 136.86141 0.62095 0.66788
2.86504 183.34419 1.14315 1.35129
2.82119 132.36281 0.85815 0.83520
1.07152 131.43762 1.27527 0.88019
1.38510 164.39015 1.06779 1.25043
1.24949 155.47879 0.88063 1.06436
2.56527 119.86306 1.14923 0.68114
1.14376 105.05900 1.18394 1.12822
2.08206 193.54835 0.97752 0.76409
1.54424 114.21003 0.98556 1.36479
1.30275 177.23775 0.84054 0.92297
1.69465 92.82897 0.88448 1.39132
2.61436 111.50785 0.69180 1.35021
2.96139 141.94775 1.36705 0.98861
1.77006 139.83834 1.20655 0.75464
2.98578 67.60129 1.21867 1.33197
1.53932 53.99049 0.81175 1.33878
2.49584 156.19296 1.36595 0.88245
2.99421 59.37877 0.63270 1.09821
1.09156 53.86392 0.86368 0.63979
2.18510 60.51831 0.96649 1.17564
1.74444 191.91002 0.64953 1.11498
2.94989 189.21606 1.26863 1.32317
2.10494 118.18765 0.62878 0.72668
2.30125 98.34630 0.93496 0.87504
2.16867 81.36930 1.15918 1.10983
2.11328 80.13439 1.00081 0.98612
2.30639 177.94945 1.25609 0.84043
1.71268 93.56735 1.25724 1.00530
1.46470 77.95127 1.21623 0.88545
1.70795 99.07193 0.60261 1.02606
1.96189 164.29688 0.91395 0.63096
2.77268 110.04308 1.38354 1.17136
1.56126 164.41182 0.77824 0.80739
2.38026 159.33566 0.87538 0.62963
1.17925 86.22139 0.88106 1.34062
2.59514 174.40163 1.22938 1.11361
1.70546 65.72943 1.06969 0.80867
1.94237 132.46850 1.04825 1.01304
1.05079 95.35482 1.05271 0.75560
1.44105 139.63745 0.74442 0.96354
1.57387 147.44469 0.86079 0.80211
2.80803 70.56164 0.92535 0.61408
1.71986 112.50631 0.96854 0.61311
1.51577 99.01643 1.12506 0.67563
2.18271 109.53237 1.23338 1.21416
2.33026 151.12522 1.32626 0.76237
2.13520 84.27732 1.34787 1.32067
1.92601 96.70385 1.15956 0.93706
2.63923 53.63872 1.20963 0.76545
1.05863 85.23058 1.32748 1.10808
1.98358 194.11147 1.13120 0.66163
2.24968 97.56116 1.35879 0.94165
1.66280 144.09536 1.27115 1.15104
1.94864 185.02013 0.60994 0.66845
2.17426 131.66254 1.26653 1.16459
1.10016 109.79732 1.32493 1.11699
1.41661 58.67208 1.35974 0.62765
1.96890 189.55856 1.16092 0.68919
1.37710 124.31681 1.21481 0.78652
2.58680 144.96552 0.62508 1.38476
2.05437 128.32636 0.74697 1.37269
1.27578 124.14504 1.01664 0.62058
2.42633 137.71591 1.28614 1.27736
1.36457 128.23896 1.36586 0.70564
2.59371 142.45628 1.21052 0.85013
2.92664 56.51089 0.80545 1.16039
1.55781 116.86180 1.21209 0.64474
1.52645 113.41694 0.60478 0.91015
1.71995 97.62480 0.83686 1.04552
2.74242 51.59925 0.96966 0.94272
1.33312 139.13275 1.34067 1.28621
2.32032 95.90209 0.95292 1.24692
2.06759 82.83111 1.02274 0.78751
1.71959 149.85001 0.64498 0.62573
2.14195 144.76796 1.10664 0.93289
2.41621 66.58415 1.03999 0.78094
2.99475 108.05748 1.22487 0.92180
2.30215 199.59193 1.27596 1.10309
1.66871 106.58969 1.19167 0.80836
2.12906 88.61246 0.92645 0.78983
1.78140 198.09739 0.80548 0.62154
2.36320 77.07911 1.34389 1.20531
1.95119 177.27337 0.61153 1.01702
2.99701 125.55919 0.95053 0.97313
1.60853 58.83352 1.06140 1.14573
2.30512 183.30281 0.83531 0.78789
2.44937 73.45653 0.85008 1.02575
1.20792 108.01296 1.31261 1.28123
1.57352 58.92104 0.79289 1.17665
2.75353 191.03787 1.20137 0.82739
2.21858 164.11454 1.01809 0.78032
2.97909 103.61613 1.14587 1.04971
1.59149 161.12445 0.71994 1.04733
1.86313 157.96939 0.95331 0.80991
2.99500 159.00763 1.39312 0.91222
1.62760 182.00677 0.94893 0.68189
1.84149 60.15392 1.22311 0.92815
2.65107 153.21737 0.77170 0.68737
2.26120 137.28425 1.18770 0.65602
1.57937 185.17764 1.12289 1.35700
1.48062 150.21484 0.81505 1.14102
2.00133 157.94888 0.67205 1.38482
2.23871 92.32933 0.66550 1.15473
2.25059 155.18034 0.94174 0.91006
2.14654 128.28421 0.75154 0.90168
2.69980 178.56648 1.32668 0.79823
2.94151 198.65017 1.04705 0.86740
1.36823 108.48510 1.08240 1.01659
1.83470 141.57317 0.71244 1.20338
2.43920 138.46505 1.38462 0.93129
2.56454 170.75196 0.78922 0.94128
2.24043 116.03613 1.36399 0.79681
1.88431 156.27883 1.28488 0.78977
2.22663 160.72407 0.87693 1.11290
1.72033 180.96976 0.74219 0.84978
1.49151 185.63066 1.18686 1.24703
2.32998 112.28177 1.19152 0.76602
1.04059 88.53501 1.25152 1.30483
2.56062 121.67033 0.90553 0.84280
2.72551 197.43079 0.86611 1.12918
1.43951 199.46041 1.01213 0.74278
2.31355 59.31975 0.78229 1.15778
2.63209 50.39999 1.11942 1.13299
2.36173 90.16845 0.97135 0.69662
1.13050 66.75376 1.22053 1.18094
2.43621 119.93319 1.36714 1.05695
1.50670 142.66311 0.90254 0.96444
1.03608 152.23517 0.97959 1.28096
1.69076 90.19910 1.30694 0.62849
1.15393 159.27251 0.79183 1.23781
2.67959 179.32237 0.60741 1.35570
1.33563 67.18301 0.85419 0.61023
2.45964 65.43221 0.84878 1.21917
1.05015 132.01062 0.99224 0.63341
1.11881 66.46230 1.21588 1.29521
2.44428 154.09293 0.89004 0.65650
2.63292 151.95837 1.14671 1.14625
1.25444 84.00329 0.62623 1.05066
2.70353 196.23963 1.19943 0.86720
2.17763 133.43371 1.16201 0.65007
1.51733 90.72147 0.84677 0.87478
2.65356 184.09326 0.68643 0.79273
1.01153 113.87546 1.23868 1.02192
2.18369 132.55231 0.69821 0.60992
1.70654 116.29429 0.83298 0.72622
2.34048 93.05099 0.74151 0.64699
1.87137 71.62082 1.31463 1.16940
2.01739 51.53621 0.71354 0.88541
1.29180 196.91660 0.82537 1.12423
2.28602 141.28489 1.30160 1.25762
1.44865 51.67904 0.96735 1.11179
2.28105 105.86392 0.97989 1.08709
2.37537 138.51781 0.65711 1.36746
1.89035 166.01431 1.26330 0.92661
2.12804 173.60377 0.71079 1.19753
1.78675 66.38359 1.23811 1.39957
1.60108 148.84059 0.72356 1.28265
2.55839 143.94299 1.00497 0.80080
1.92972 72.36349 0.69080 1.22045
2.51999 78.46977 0.95510 0.62023
1.74046 86.01336 1.18763 0.97039
2.46668 52.35230 0.94255 1.12273
1.01561 73.00104 0.60081 0.75028
1.30917 70.97020 1.27424 0.62779
2.15729 103.57097 0.84028 1.27486
1.60086 93.89168 0.86887 0.91263
1.83992 98.71639 0.87728 1.26443
1.84128 181.89272 1.15152 0.83184
2.68235 198.43720 1.37100 0.68901
2.75311 59.87100 1.03613 1.31035
1.53350 74.95639 1.19030 0.82166
1.84685 169.39111 0.64942 0.78590
2.00596 53.44270 1.35581 1.13711
1.38044 160.11318 1.14560 1.36754
1.67774 161.85293 1.37269 1.36373
1.24970 126.46271 1.05022 0.92363
2.78089 199.99016 0.81786 0.61855
2.93764 160.42025 0.91208 0.83613
