2.01000 66.30000 1.00000 1.00000
1.67293 192.83545 0.99999 0.99999
2.50591 129.73699 1.00000 1.00000
2.81725 166.99157 1.00000 1.00001
1.07470 177.98239 1.00001 1.00000
2.37169 184.50185 1.00001 1.00000
2.69266 190.54222 0.99999 1.00001
2.24418 164.94643 1.00000 1.00000
1.60139 158.47907 0.99999 1.00000
2.21562 59.19015 0.99999 1.00000
1.82382 171.22187 1.00000 1.00000
2.82800 161.79871 1.00000 1.00001
2.20651 170.98959 1.00000 1.00001
2.64761 101.33074 0.99999 1.00000
1.39383 150.46279 1.00000 0.99999
1.12618 175.33110 0.99999 1.00001
1.19588 166.95090 0.99999 0.99999
1.36008 147.03813 1.00001 1.00001
2.74523 145.27985 1.00000 0.99999
2.33547 115.60426 1.00000 1.00000
2.87152 182.52521 1.00000 1.00001
2.12256 95.25039 1.00000 1.00001
1.76825 182.09835 1.00001 0.99999
2.12860 63.19549 1.00000 0.99999
2.00027 126.98033 1.00001 1.00001
2.20210 168.75159 1.00001 1.00000
2.07261 143.07018 1.00000 1.00000
1.79333 129.28203 1.00001 1.00001
1.71860 70.57466 1.00000 1.00001
1.39574 148.08817 0.99999 1.00000
2.21399 98.85262 1.00000 1.00000
1.39515 188.37992 0.99999 1.00000
1.35953 136.56435 1.00000 0.99999
2.59363 172.59852 0.99999 1.00000
1.67210 100.47720 0.99999 1.00000
2.39636 64.80553 1.00000 1.00000
1.56899 79.95140 1.00000 1.00000
1.26944 134.94770 0.99999 1.00001
2.55338 198.90099 1.00001 0.99999
1.95354 129.18760 1.00000 1.00000
1.37470 71.33072 0.99999 1.00001
2.79193 114.62539 1.00001 1.00000
2.87316 122.64326 1.00000 1.00001
2.94957 193.35789 1.00001 1.00001
2.71943 155.15760 1.00000 1.00001
2.66326 78.39857 1.00000 1.00001
2.11852 71.43644 1.00000 1.00000
2.78144 115.50910 0.99999 1.00001
2.49294 97.10154 0.99999 1.00000
1.28112 173.06980 1.00000 1.00000
2.20315 164.07051 0.99999 1.00000
2.19057 171.50784 1.00001 1.00001
2.35633 171.36270 1.00000 1.00001
1.21261 141.43826 1.00001 1.00001
2.37706 169.45280 1.00001 1.00001
1.05264 178.47278 1.00000 1.00001
1.11967 104.36194 1.00000 1.00001
2.00950 59.17694 1.00000 1.00000
1.06424 181.85585 1.00000 1.00001
1.82993 87.71063 1.00000 0.99999
1.70597 169.53134 1.00000 1.00000
1.69375 127.69796 1.00000 1.00000
2.87160 91.24409 1.00000 1.00001
1.21876 100.08518 0.99999 1.00001
1.71842 61.10374 0.99999 0.99999
2.87882 51.33927 1.00000 1.00000
2.15532 113.41374 1.00000 1.00000
2.78999 112.75889 1.00000 1.00000
1.24528 107.37891 1.00000 0.99999
1.62626 98.27902 1.00000 0.99999
1.86436 121.69308 1.00000 1.00000
1.51239 110.76901 1.00000 0.99999
1.93836 142.89225 1.00000 1.00000
1.76815 79.02934 1.00000 1.00001
1.64932 75.20129 1.00000 1.00000
1.78601 128.35537 1.00001 1.00001
1.31157 135.10784 1.00001 1.00000
1.13641 107.84348 0.99999 1.00001
2.35779 134.49375 0.99999 1.00000
1.78422 76.26550 1.00000 1.00001
2.71675 69.62852 1.00000 0.99999
2.14340 129.51400 1.00000 1.00000
2.79317 78.17126 1.00000 1.00000
2.12883 161.18014 1.00000 1.00000
2.58793 144.31441 1.00000 1.00001
2.40538 126.55211 1.00000 1.00001
1.37074 67.16384 0.99999 1.00000
1.98328 87.52149 1.00000 1.00000
1.71583 99.97423 0.99999 1.00000
1.42506 140.36027 1.00000 1.00000
1.02083 154.28947 1.00000 1.00001
1.72070 144.43344 1.00000 0.99999
1.81957 58.49224 1.00000 1.00000
1.85062 78.34373 1.00001 1.00000
1.95978 70.42840 1.00001 1.00000
2.62339 96.95649 1.00000 1.00000
2.84734 132.85034 1.00000 0.99999
1.81729 171.80148 1.00000 1.00001
1.99249 137.47690 1.00001 1.00001
2.91995 147.32239 1.00000 1.00000
2.67082 182.53385 1.00001 1.00000
2.96550 111.77127 1.00001 0.99999
2.09994 157.00455 1.00001 1.00000
1.41969 111.56031 1.00000 0.99999
2.22663 88.99214 1.00000 0.99999
2.72252 144.86741 0.99999 0.99999
1.35527 69.59965 1.00000 1.00000
2.41303 166.82850 1.00001 0.99999
1.77593 110.27089 1.00001 1.00000
2.01595 83.77319 1.00001 1.00001
2.96167 144.05221 1.00001 0.99999
2.99889 63.84269 1.00000 1.00001
2.71968 143.49360 1.00000 1.00001
2.67321 79.33653 0.99999 1.00001
1.51668 55.66598 1.00000 1.00001
2.59849 90.96000 1.00001 0.99999
2.78936 177.59003 0.99999 1.00001
1.17195 79.04027 1.00000 0.99999
1.57002 183.84739 1.00000 1.00000
2.51969 192.36166 1.00001 1.00000
2.39550 157.82197 1.00001 0.99999
1.30181 72.88225 1.00001 0.99999
1.64038 153.19303 1.00000 1.00000
1.99771 184.28906 1.00001 1.00001
1.51491 55.95734 1.00001 1.00000
1.52560 106.92146 0.99999 1.00001
2.66245 74.45020 1.00000 1.00000
1.33599 60.85322 1.00000 1.00000
1.29597 102.54950 1.00001 1.00000
2.72631 160.54236 1.00001 1.00000
1.25382 51.91540 1.00000 0.99999
1.00313 136.58249 1.00000 1.00001
1.13404 198.99291 1.00000 1.00001
1.04631 97.76250 1.00000 1.00000
1.60005 51.06340 1.00000 1.00000
2.94315 77.03556 1.00001 1.00001
1.16045 190.82307 1.00000 1.00000
1.67661 142.96913 1.00001 1.00000
2.09243 179.27946 1.00001 1.00001
2.95621 173.34911 1.00000 1.00000
2.56516 124.19867 1.00000 1.00000
1.03745 151.74416 0.99999 1.00001
1.13567 114.37997 0.99999 0.99999
1.58514 167.22928 0.99999 0.99999
2.26907 183.19605 1.00000 1.00000
1.43766 57.79906 1.00000 0.99999
2.84592 108.04007 0.99999 1.00001
1.99681 168.34712 1.00000 0.99999
2.98469 173.99726 1.00000 0.99999
2.85536 62.78410 1.00000 0.99999
2.73262 189.54481 0.99999 1.00001
2.76482 190.37878 1.00001 1.00000
2.12830 59.60798 1.00001 1.00000
2.91186 129.85553 0.99999 1.00001
1.25521 86.50054 0.99999 0.99999
1.16571 70.42222 0.99999 0.99999
2.40443 161.38918 1.00000 1.00001
2.31728 84.16895 1.00000 1.00000
1.46414 93.28758 1.00001 1.00001
1.81851 126.33468 1.00000 1.00001
2.71559 146.13011 1.00000 1.00000
1.98344 168.62578 1.00001 1.00001
2.80427 150.83355 1.00000 1.00000
1.97795 141.77216 1.00000 1.00000
1.48970 78.28836 0.99999 0.99999
1.97502 120.93521 1.00000 1.00000
2.85961 147.25118 0.99999 1.00000
1.30465 97.55291 1.00000 1.00001
1.57152 163.24175 1.00001 1.00000
2.12561 101.86314 1.00001 1.00000
1.01216 73.77109 0.99999 1.00001
1.93972 166.93090 1.00000 0.99999
1.62719 127.79598 0.99999 1.00000
1.03754 167.89741 1.00000 1.00000
1.83152 138.27950 1.00000 0.99999
2.45636 92.89558 1.00000 1.00000
2.90556 182.83417 0.99999 1.00001
1.78982 128.92602 1.00000 0.99999
2.42477 78.89861 0.99999 1.00000
1.69077 145.79750 1.00000 1.00000
1.74504 108.32675 1.00001 1.00001
1.53382 72.97056 0.99999 0.99999
1.67615 77.21225 1.00000 0.99999
2.80579 126.01791 1.00000 1.00000
2.22961 159.47680 1.00000 0.99999
1.28834 106.38002 1.00000 0.99999
1.20137 106.38187 1.00000 0.99999
1.40411 192.97230 0.99999 1.00001
2.86517 92.81913 0.99999 1.00001
2.20445 191.68277 1.00000 0.99999
1.02775 80.82044 1.00001 1.00000
2.29152 114.68297 0.99999 1.00000
1.48717 180.81373 1.00001 1.00000
1.20608 58.76259 1.00000 0.99999
1.86601 167.24608 0.99999 1.00000
1.69861 101.31720 1.00000 1.00000
1.54279 178.63984 1.00001 1.00000
2.67212 78.48886 0.99999 1.00000
2.97512 167.24726 1.00000 1.00000
1.62377 165.47900 1.00000 1.00001
1.64016 50.07053 0.99999 1.00000
2.88683 186.98280 1.00000 1.00000
2.26783 144.51847 1.00000 1.00000
2.65780 192.23556 0.99999 1.00000
2.95190 50.25410 1.00000 1.00000
1.16503 75.23253 1.00001 1.00000
2.86052 113.67614 0.99999 1.00000
1.20455 156.46648 1.00000 1.00000
1.76284 113.33994 0.99999 0.99999
1.75212 179.59564 1.00000 1.00000
2.00861 133.41721 0.99999 1.00000
2.59988 52.97876 1.00000 1.00000
1.95236 176.09459 1.00001 1.00001
2.21378 56.96802 0.99999 0.99999
2.66072 163.10447 1.00000 1.00001
2.98959 82.86632 1.00001 0.99999
2.25131 169.20407 0.99999 1.00000
1.56518 148.45925 1.00001 1.00000
2.98121 130.08657 1.00000 1.00000
2.99172 166.35011 1.00001 1.00001
2.64276 164.42122 1.00000 0.99999
1.27067 98.34877 1.00000 1.00000
2.62118 108.75075 1.00000 1.00000
1.82586 117.27722 1.00000 1.00001
2.55453 161.92080 1.00001 1.00000
2.05809 175.08766 1.00000 1.00000
2.40079 53.25454 1.00000 1.00000
2.39115 118.02810 1.00000 0.99999
1.17722 53.84747 1.00000 1.00000
2.15323 67.48504 1.00001 1.00001
2.70996 56.96168 1.00000 1.00000
1.23010 136.84554 1.00000 1.00000
1.92409 73.44511 0.99999 1.00000
1.02477 121.35998 1.00000 1.00000
1.60169 101.41692 0.99999 1.00000
2.99864 165.39352 1.00001 1.00000
1.00402 134.56348 1.00000 0.99999
1.14585 122.25451 1.00001 0.99999
1.13997 107.29347 1.00000 1.00000
2.29464 150.12601 0.99999 0.99999
2.95876 60.27226 1.00000 1.00000
2.15668 194.90014 1.00000 1.00001
2.21527 145.09580 1.00001 1.00001
1.26223 148.03337 1.00000 1.00000
2.43671 177.25138 1.00000 1.00000
2.16522 93.04216 1.00000 1.00000
2.02980 115.21361 1.00000 1.00001
1.33482 76.82835 1.00000 1.00000
1.37152 195.00673 1.00001 1.00001
1.60738 61.50892 1.00000 0.99999
2.83019 190.02880 0.99999 1.00000
2.73530 114.52759 1.00000 1.00000
2.51171 148.72529 1.00000 1.00001
1.93521 154.35120 0.99999 0.99999
2.02425 110.87827 1.00000 1.00001
1.05447 53.10424 1.00001 1.00001
1.06101 170.44206 0.99999 0.99999
1.82515 70.66637 1.00000 1.00000
1.55081 54.99216 0.99999 1.00000
1.54776 96.77966 1.00000 1.00000
1.52982 123.12710 0.99999 1.00000
2.87856 152.44666 1.00000 1.00001
2.11623 62.27811 1.00000 1.00001
1.46875 161.29080 1.00001 0.99999
1.17685 174.63345 0.99999 1.00001
2.98657 65.73811 1.00000 1.00000
2.19808 197.15101 1.00000 1.00001
1.02685 121.54617 0.99999 1.00000
2.95812 183.37251 0.99999 1.00000
1.31990 52.13194 1.00000 0.99999
1.37983 78.04138 0.99999 1.00000
2.79604 137.87209 1.00001 1.00000
2.51390 152.82165 0.99999 1.00000
1.88748 124.13680 1.00000 0.99999
1.58744 190.22137 1.00000 1.00000
1.39179 174.77639 1.00001 1.00001
2.40757 136.27542 1.00000 1.00001
2.17831 94.61024 1.00000 0.99999
1.94361 169.91810 1.00000 0.99999
2.11081 70.71418 0.99999 1.00001
2.45053 163.68899 1.00000 1.00000
2.49898 132.88900 1.00001 0.99999
2.90269 139.33051 1.00001 1.00000
2.85321 65.50830 0.99999 0.99999
2.50073 106.60607 1.00001 1.00000
2.29928 182.51112 0.99999 1.00000
2.90826 96.00449 1.00000 1.00000
1.02244 67.33415 1.00001 0.99999
2.29124 191.90866 1.00001 1.00000
2.18352 166.98058 1.00000 1.00000
1.69141 68.82941 1.00001 0.99999
1.95732 122.31515 1.00000 0.99999
1.32296 91.96415 1.00000 1.00000
1.28010 199.70024 1.00000 0.99999
1.00133 83.75390 1.00000 1.00001
1.29623 139.78991 1.00000 0.99999
1.24411 51.27473 0.99999 1.00000
1.31586 189.64375 1.00001 1.00001
1.59279 92.92494 1.00001 1.00001
1.00048 94.42609 1.00001 0.99999
1.45551 52.22108 0.99999 1.00001
2.05171 70.51318 1.00001 1.00000
1.70437 90.27580 1.00000 1.00000
1.96914 128.77017 1.00000 1.00000
1.47104 102.46048 1.00000 1.00000
2.89823 192.07105 0.99999 1.00000
2.44359 68.83465 0.99999 1.00001
1.92755 69.56286 1.00000 1.00000
1.89532 141.93986 0.99999 1.00000
1.97931 189.64076 1.00001 1.00001
2.23631 81.67015 1.00000 1.00000
2.09868 140.67104 0.99999 1.00001
2.62683 114.58109 1.00000 1.00001
1.11590 128.48584 1.00000 1.00000
2.72652 197.21538 0.99999 1.00001
1.45030 120.74698 1.00000 0.99999
1.58236 51.55560 1.00000 1.00000
2.45914 59.98962 0.99999 0.99999
1.53392 147.67956 1.00000 1.00000
1.39133 104.66661 1.00001 1.00001
1.67423 86.06121 1.00000 1.00000
1.29627 88.41829 0.99999 1.00000
1.93039 93.15780 1.00001 1.00000
1.97398 56.92538 0.99999 1.00000
2.28930 119.35944 1.00000 1.00000
1.39639 106.31935 0.99999 1.00000
2.99920 144.72813 0.99999 0.99999
2.23911 87.80308 0.99999 0.99999
2.02628 84.79672 1.00000 1.00000
1.00599 178.69263 1.00000 1.00001
1.86237 181.00429 1.00000 1.00000
2.87848 95.72500 1.00001 1.00000
1.18390 159.81577 1.00000 1.00000
2.30175 161.43826 1.00000 1.00000
2.76294 197.31916 1.00000 1.00000
1.74007 170.55041 1.00001 1.00001
2.27390 93.27201 1.00001 0.99999
2.29853 179.13572 0.99999 1.00000
1.16849 56.21014 0.99999 0.99999
2.69109 144.70789 0.99999 0.99999
1.88642 178.98628 1.00000 1.00000
1.84051 145.46985 0.99999 1.00000
1.76263 59.37794 1.00000 1.00001
2.02881 179.48187 1.00000 0.99999
1.11393 123.74007 0.99999 0.99999
1.37714 87.55361 0.99999 0.99999
2.25879 121.73387 1.00000 0.99999
1.28673 56.47020 1.00000 0.99999
1.23286 96.39011 1.00001 1.00001
1.32356 89.13487 0.99999 1.00000
1.78156 101.06779 1.00001 1.00000
2.53043 69.31141 0.99999 1.00000
2.22341 81.80811 1.00000 1.00001
2.72384 108.66024 0.99999 1.00000
1.96345 135.78390 0.99999 1.00001
1.35382 112.36461 0.99999 1.00000
1.91925 144.20749 1.00000 1.00000
1.58518 144.45765 0.99999 1.00001
1.62687 143.64500 1.00000 1.00000
1.40629 158.96792 1.00000 1.00001
2.47165 75.36148 1.00000 1.00000
1.22620 113.27168 1.00000 1.00001
2.23716 63.32159 0.99999 0.99999
1.77995 155.66672 0.99999 1.00000
1.80155 183.42446 1.00001 1.00000
2.71017 189.53204 1.00000 0.99999
1.97811 60.67455 1.00001 1.00001
2.89172 129.95372 1.00000 1.00001
2.11001 71.04005 0.99999 1.00000
1.21866 142.38793 0.99999 0.99999
2.55234 194.44888 0.99999 1.00000
1.78664 51.38556 1.00000 0.99999
1.08451 75.59047 1.00001 1.00001
1.02986 53.76450 1.00000 1.00000
2.04036 114.75397 1.00000 1.00000
2.92561 174.78354 1.00000 1.00000
2.20443 82.18860 1.00001 1.00000
1.23182 163.73447 1.00000 1.00000
1.05086 91.72455 1.00001 1.00000
2.18181 198.23019 1.00000 1.00001
2.36454 69.34599 0.99999 1.00001
1.10677 58.35503 1.00000 1.00001
2.06550 99.19404 1.00001 1.00000
2.69444 71.97010 1.00001 1.00001
1.96471 106.34748 1.00000 1.00001
1.70459 108.78384 0.99999 1.00000
2.84284 81.75225 1.00000 1.00001
2.30899 57.43648 0.99999 0.99999
2.19195 113.86025 0.99999 0.99999
1.35900 174.51817 1.00000 1.00000
1.60627 188.93620 1.00000 0.99999
1.76519 129.99701 1.00000 1.00000
1.21245 180.15079 1.00000 1.00000
2.14416 99.43407 1.00001 1.00000
1.61201 141.28402 1.00000 1.00000
2.98848 164.16370 1.00001 1.00000
1.52653 146.83802 1.00000 1.00000
1.21443 119.20773 0.99999 1.00000
1.44054 169.10908 1.00001 1.00000
2.89250 112.80231 1.00001 1.00000
2.52356 193.10673 1.00000 0.99999
2.53345 64.76923 1.00000 1.00000
1.02456 184.64190 0.99999 0.99999
2.74280 125.30622 0.99999 1.00000
1.20367 190.64172 1.00000 1.00000
2.21501 162.23909 0.99999 1.00001
1.68864 129.27991 1.00001 0.99999
2.81955 152.29084 1.00000 1.00001
1.28931 97.44490 0.99999 0.99999
2.57159 133.41023 1.00001 1.00000
1.25321 87.11271 0.99999 1.00000
1.74392 162.17004 1.00000 1.00000
2.03182 134.45573 1.00001 1.00000
1.57340 198.56113 1.00001 1.00000
2.22953 189.07718 1.00000 1.00001
2.19794 192.48043 1.00000 1.00001
2.41504 166.75514 1.00000 1.00000
2.74966 103.52721 0.99999 1.00000
2.73225 172.70176 1.00000 1.00000
1.63674 113.59210 1.00000 0.99999
1.29096 165.44012 0.99999 1.00000
2.17443 99.95506 1.00001 1.00000
1.50106 174.91649 0.99999 0.99999
2.18933 193.65374 0.99999 1.00000
1.96134 66.32948 1.00001 0.99999
2.92126 50.70784 1.00000 0.99999
2.43115 174.61707 1.00000 1.00000
1.18824 126.01482 1.00001 1.00001
2.34642 169.12069 1.00000 1.00000
2.79999 95.60550 1.00000 1.00000
1.06843 84.64361 1.00001 1.00000
2.34183 113.33154 1.00001 1.00000
2.73875 91.77968 1.00001 0.99999
1.89279 142.94905 0.99999 1.00001
1.86355 64.84406 1.00000 0.99999
1.83487 114.80823 0.99999 1.00001
1.48999 93.61339 1.00000 0.99999
1.08780 91.33831 1.00000 1.00000
2.77988 190.65938 1.00000 1.00000
2.14638 180.24894 1.00000 1.00000
2.97323 142.18493 1.00000 1.00001
1.01846 128.94249 1.00000 1.00001
1.80258 156.85133 1.00001 1.00000
2.89431 164.27947 1.00000 1.00000
1.46884 170.70051 0.99999 0.99999
1.99194 198.81603 0.99999 1.00000
2.52904 147.51927 1.00001 1.00001
1.54935 142.63194 0.99999 1.00000
1.02040 160.62166 1.00001 1.00001
2.99813 51.85509 1.00000 1.00001
2.38122 161.86717 1.00000 1.00000
1.47469 196.53198 1.00000 1.00001
2.94267 159.08640 1.00000 1.00001
2.23929 156.47084 1.00001 0.99999
1.15983 135.38829 1.00000 1.00000
2.38573 176.94629 1.00000 1.00000
1.88760 171.77972 1.00000 1.00001
1.37275 186.04720 1.00000 1.00000
2.28448 93.65780 0.99999 1.00001
2.41910 125.84630 1.00001 0.99999
2.67691 181.86103 1.00001 1.00001
2.69149 176.60904 1.00000 0.99999
1.74403 121.75204 0.99999 1.00000
1.61363 64.30475 1.00000 0.99999
2.10420 125.88854 1.00000 1.00000
1.77540 80.03731 0.99999 0.99999
1.55270 146.83821 0.99999 1.00000
1.60702 140.50154 1.00001 1.00000
2.68944 104.37999 1.00001 1.00000
2.30582 74.47204 1.00001 1.00001
1.04907 122.57910 1.00000 1.00000
1.25938 107.07925 1.00000 1.00001
1.08391 112.34090 1.00000 1.00000
1.78810 164.99477 0.99999 1.00000
2.39419 74.53066 1.00000 1.00000
2.57193 84.12526 0.99999 1.00001
1.99584 143.17351 0.99999 0.99999
2.11312 114.33121 1.00001 1.00000
2.19098 57.84153 0.99999 0.99999
2.13349 178.92934 1.00001 1.00000
1.57534 103.24660 1.00001 1.00001
1.96605 98.79080 1.00001 1.00001
1.00798 79.20692 1.00001 1.00000
1.49692 175.79963 1.00000 1.00001
1.88020 107.87799 0.99999 1.00000
2.79448 108.09100 0.99999 1.00000
1.77469 67.76227 1.00000 1.00000
2.32949 170.48043 1.00000 1.00001
1.72412 168.55981 1.00000 1.00000
2.85492 166.82012 1.00001 0.99999
2.80028 163.36694 1.00001 1.00000
2.73436 165.87664 1.00000 0.99999
1.45557 153.21692 1.00000 1.00000
1.05433 137.72308 1.00000 0.99999
1.78532 165.63407 1.00000 1.00000
2.71598 112.08957 1.00000 0.99999
2.95238 176.15978 1.00000 1.00000
1.71814 188.52076 1.00001 1.00000
1.83053 181.90532 1.00001 1.00000
1.38943 103.07537 1.00001 1.00000
1.06879 165.71767 1.00000 1.00000
1.71368 55.31044 1.00000 1.00000
2.46494 70.48205 1.00000 0.99999
1.14382 180.66176 0.99999 0.99999
2.57206 74.42507 1.00000 1.00001
2.86338 138.62838 1.00000 0.99999
2.27765 95.59642 1.00000 1.00000
1.93503 193.54981 0.99999 0.99999
1.63849 51.07543 1.00000 0.99999
2.86112 152.33942 1.00000 1.00001
1.63348 180.03753 1.00000 1.00001
1.21261 82.91504 1.00000 0.99999
1.03151 104.10722 1.00000 1.00000
1.47879 72.61321 1.00001 1.00001
1.58406 96.54887 1.00000 1.00001
1.45883 109.67322 1.00000 0.99999
1.69032 88.22413 1.00001 1.00000
1.25148 154.36327 1.00000 1.00001
2.01566 77.78654 0.99999 1.00000
2.45616 179.71481 1.00001 1.00001
2.89972 186.16401 1.00000 0.99999
2.61442 124.48451 1.00000 1.00000
2.99385 63.02964 1.00000 1.00000
1.25337 50.37035 0.99999 1.00000
2.42921 145.05870 1.00000 1.00001
1.55073 158.41995 1.00000 1.00000
2.48006 108.04891 1.00000 1.00000
2.40822 71.47524 1.00000 1.00000
1.93506 52.43589 0.99999 1.00001
1.34394 52.15025 0.99999 1.00000
1.98969 82.63963 1.00000 1.00000
1.92898 172.67828 1.00000 1.00000
2.85166 99.60512 1.00000 1.00001
2.80520 96.64760 1.00000 0.99999
1.95048 99.46969 1.00001 1.00000
2.59364 139.59669 1.00001 1.00000
2.97811 57.82802 1.00000 1.00000
2.07222 107.19402 1.00001 1.00001
2.10228 88.85327 0.99999 1.00000
1.62995 79.90010 1.00000 1.00000
1.11311 146.06992 0.99999 1.00000
2.83047 50.81518 1.00000 1.00001
2.37943 106.78382 0.99999 1.00000
2.82802 95.73563 0.99999 1.00000
1.36839 123.62178 1.00000 1.00001
2.17529 142.57947 1.00000 1.00001
1.71935 60.42764 1.00000 1.00000
1.61338 159.08817 1.00001 1.00000
1.10545 127.48641 1.00001 1.00000
2.91624 193.63528 1.00000 0.99999
1.27530 109.86571 1.00000 0.99999
1.92558 148.04039 0.99999 1.00000
1.87959 153.37334 1.00000 0.99999
2.16641 135.46730 1.00000 0.99999
1.47309 94.25292 1.00001 1.00000
1.08475 81.02926 0.99999 1.00001
1.92154 158.06883 1.00000 1.00000
2.47400 100.68547 1.00000 0.99999
2.73268 137.04564 1.00000 0.99999
2.98546 101.88445 1.00000 1.00001
1.94957 145.70726 0.99999 0.99999
1.43478 77.14924 1.00000 0.99999
1.13092 99.61910 1.00000 1.00000
1.38839 188.61865 1.00000 1.00000
2.62018 64.29486 0.99999 0.99999
2.26851 179.79955 0.99999 1.00000
1.38578 57.85354 1.00001 1.00000
2.23041 128.19319 1.00001 0.99999
2.82337 132.14879 1.00000 1.00001
1.32849 77.96067 0.99999 1.00001
2.30678 167.38828 1.00001 1.00000
1.05245 138.29392 1.00000 1.00001
2.41494 126.06929 1.00001 1.00000
1.85549 92.01787 1.00000 1.00000
1.15426 128.99982 0.99999 1.00000
2.99384 191.09030 1.00001 1.00000
1.29081 59.69841 1.00001 0.99999
1.22400 195.18039 1.00001 0.99999
2.97512 91.80988 1.00000 1.00000
1.39104 95.65031 1.00001 1.00000
1.07289 121.47023 1.00001 0.99999
2.21037 163.87387 1.00000 1.00000
2.84312 131.40315 1.00001 1.00000
2.38855 77.89168 0.99999 0.99999
2.28625 163.23137 1.00000 0.99999
2.70170 93.99617 1.00000 1.00000
1.30365 71.11412 0.99999 0.99999
1.43923 110.51908 0.99999 0.99999
2.45626 56.06729 1.00001 1.00000
1.84470 68.55504 0.99999 1.00001
2.28521 169.41838 1.00001 0.99999
2.73952 121.73801 1.00000 1.00000
2.85572 148.97809 1.00000 1.00000
1.62536 176.10191 0.99999 1.00000
2.10706 82.62595 1.00000 1.00000
1.74077 176.76581 1.00000 1.00000
1.29520 138.73494 1.00000 1.00000
2.58700 185.54988 0.99999 1.00000
1.10164 178.60058 1.00000 1.00000
1.04724 140.88406 1.00000 1.00000
1.03487 164.81894 0.99999 1.00001
2.64765 177.33543 1.00000 1.00000
1.18814 137.22315 0.99999 1.00001
1.63306 114.38657 0.99999 1.00000
1.25129 120.28580 1.00000 1.00000
2.61354 103.49451 1.00001 1.00001
2.45716 132.49219 1.00000 0.99999
1.91084 113.19766 1.00001 1.00000
1.45881 158.16697 1.00000 1.00000
2.81884 183.93788 1.00000 1.00000
2.59699 53.57982 1.00000 1.00001
2.94055 160.00923 0.99999 0.99999
2.22980 92.75279 0.99999 0.99999
2.41033 111.68918 1.00000 1.00000
1.03952 186.24138 1.00000 1.00000
1.48914 197.14368 0.99999 1.00000
1.08373 53.94911 0.99999 0.99999
1.61268 94.85586 0.99999 1.00000
1.81961 101.64962 1.00000 0.99999
2.19036 165.73480 1.00000 0.99999
2.32317 75.27316 1.00000 0.99999
1.48909 143.75168 0.99999 1.00000
2.10913 64.84127 1.00000 1.00000
2.05259 133.15280 1.00001 0.99999
2.28804 142.24859 1.00001 1.00000
1.29056 103.94919 1.00001 1.00000
2.18023 166.02312 0.99999 0.99999
2.26054 110.07791 1.00001 1.00001
1.94130 125.24819 1.00001 0.99999
2.33135 83.04820 1.00001 1.00001
1.48593 175.23843 1.00000 0.99999
2.82082 89.80377 1.00000 1.00000
2.55888 156.08037 1.00000 0.99999
2.58796 108.18936 1.00000 1.00000
2.91926 76.92960 0.99999 1.00000
2.60786 169.59706 1.00000 1.00001
2.17555 129.19216 1.00000 1.00001
2.21659 96.30595 0.99999 1.00000
2.56818 103.85901 0.99999 1.00000
1.53183 151.55546 1.00001 1.00001
2.43980 53.79211 0.99999 1.00000
2.81896 186.91584 1.00000 1.00001
1.97135 127.88983 1.00000 1.00000
2.51804 85.45992 1.00000 0.99999
1.93999 131.44603 0.99999 1.00001
1.28711 70.48560 1.00000 1.00000
1.86628 144.05748 1.00000 1.00000
2.95997 180.39327 1.00001 1.00000
2.52086 65.18351 0.99999 1.00000
1.73582 156.11368 0.99999 1.00001
1.96815 199.55338 1.00000 1.00001
2.93130 130.44537 0.99999 1.00000
2.23506 146.54881 1.00000 1.00000
2.34765 56.89486 1.00000 1.00000
2.54995 182.11413 0.99999 1.00000
1.44983 146.63010 0.99999 1.00001
2.44230 151.68537 0.99999 0.99999
1.69834 194.30511 1.00000 1.00000
2.68254 161.03576 1.00000 0.99999
2.80722 137.95253 1.00001 1.00000
1.57590 144.13450 1.00000 1.00001
2.25833 90.63187 1.00001 1.00000
1.51154 105.19135 0.99999 1.00000
2.02083 88.06076 1.00001 1.00000
1.54110 182.60650 1.00000 1.00000
2.94258 197.15455 1.00000 1.00001
1.44366 119.41459 1.00001 1.00000
1.23422 65.95459 1.00000 1.00001
1.99113 147.18447 1.00000 1.00001
2.12436 136.08249 1.00001 1.00000
2.40806 94.38655 1.00000 0.99999
2.47070 54.05918 1.00001 1.00001
2.21810 50.27678 0.99999 0.99999
2.05584 123.38091 1.00001 1.00001
2.87909 138.98367 1.00000 1.00000
2.47977 82.44413 1.00000 1.00000
1.05349 187.07653 1.00001 1.00000
2.31159 189.68122 1.00001 0.99999
2.59364 60.56312 1.00000 1.00000
2.11414 157.95886 1.00001 0.99999
1.37834 68.56865 1.00000 1.00000
2.36943 90.29814 1.00000 1.00000
2.00573 158.82082 1.00000 1.00000
2.91785 115.12963 1.00000 1.00001
2.41630 82.51734 1.00000 1.00001
1.10609 80.91796 1.00000 0.99999
1.84373 69.30254 1.00000 1.00000
1.82733 71.80251 1.00000 1.00000
1.76994 53.87256 0.99999 0.99999
2.27260 99.15212 1.00001 0.99999
2.39076 135.53523 1.00001 1.00001
2.56713 196.77046 1.00000 1.00001
1.04035 92.80023 1.00000 1.00000
2.97487 149.47199 1.00000 1.00000
1.10478 184.96683 1.00001 1.00001
1.67231 175.51538 1.00001 1.00000
2.06118 82.37308 1.00001 1.00001
1.63570 98.70908 1.00001 1.00001
1.99706 189.94128 1.00001 1.00000
1.92127 169.78869 0.99999 0.99999
1.22055 125.58740 1.00000 1.00000
2.17823 198.33156 1.00001 0.99999
2.34586 149.83142 1.00000 1.00000
2.85591 111.74534 1.00000 0.99999
2.03314 147.26073 0.99999 1.00001
2.63814 175.50862 1.00000 1.00000
2.31701 163.20960 1.00000 1.00000
1.47291 67.07318 1.00001 1.00001
1.35996 67.94073 1.00001 0.99999
1.43943 126.82082 1.00001 1.00001
1.02211 162.64393 1.00001 1.00001
2.86519 82.88610 0.99999 1.00000
2.59585 118.60977 1.00000 1.00001
2.71294 194.57447 1.00000 0.99999
2.54139 78.31513 1.00000 1.00001
1.39742 98.21175 1.00001 0.99999
1.18813 112.68397 1.00000 1.00001
2.78480 95.41864 1.00001 1.00000
1.81676 143.65803 1.00000 1.00000
1.57340 71.79912 1.00000 0.99999
2.86276 176.08152 1.00000 1.00000
2.62020 147.84561 0.99999 0.99999
1.58504 105.43751 0.99999 1.00000
2.24135 66.94512 1.00001 0.99999
1.69202 135.82628 1.00001 1.00001
1.53646 78.40231 0.99999 1.00000
1.37258 164.02682 0.99999 1.00000
2.38256 123.92347 1.00000 1.00000
1.30591 170.31227 1.00000 1.00000
1.53414 107.61173 1.00000 1.00000
1.57986 149.78792 1.00000 1.00000
1.82417 52.24773 0.99999 1.00000
2.01944 192.80594 0.99999 0.99999
1.41992 171.17746 1.00000 1.00000
1.07825 131.45843 0.99999 1.00000
2.43578 93.36227 0.99999 1.00001
2.83008 100.54148 1.00000 1.00000
1.89696 159.09224 0.99999 1.00000
2.46268 127.99661 1.00001 1.00000
2.26810 135.56116 1.00000 1.00000
1.74649 157.29922 1.00001 1.00001
2.78125 50.10974 1.00000 0.99999
2.48844 98.02182 1.00001 1.00001
1.31933 126.58644 1.00001 0.99999
2.87594 93.55421 0.99999 1.00000
2.03299 71.93598 1.00001 1.00000
2.94686 173.06011 1.00000 1.00000
1.65072 89.79999 1.00001 1.00000
2.42184 60.73370 0.99999 1.00001
1.19167 133.35056 1.00001 1.00001
1.55506 116.99630 1.00001 0.99999
2.24629 190.86114 1.00000 1.00000
1.55160 174.11902 0.99999 1.00001
2.12252 180.04433 1.00000 0.99999
1.63719 167.99831 1.00001 1.00000
1.40268 66.42037 1.00000 1.00000
1.99295 67.17379 1.00000 0.99999
1.70209 196.23127 1.00001 1.00000
1.91878 199.68781 1.00000 0.99999
1.36877 144.23743 1.00001 1.00000
1.84334 195.44286 1.00000 0.99999
2.61052 117.99740 1.00000 0.99999
1.99357 176.12386 0.99999 0.99999
1.29397 162.14069 1.00001 1.00001
1.49407 61.36824 1.00000 1.00000
1.48253 114.60642 1.00000 1.00001
2.50669 134.94309 0.99999 1.00000
2.55184 126.35444 0.99999 0.99999
2.92168 67.66272 0.99999 1.00001
2.75216 93.69114 1.00000 1.00000
1.99508 129.68524 0.99999 1.00000
2.96874 177.78201 1.00001 1.00000
1.97230 108.79707 1.00001 1.00001
1.75230 180.55155 0.99999 1.00001
2.96517 154.84480 1.00000 0.99999
2.27462 171.25034 1.00000 1.00000
2.11311 98.76460 0.99999 1.00001
1.15002 185.34675 1.00000 1.00001
2.08247 175.63768 1.00000 0.99999
2.50208 67.72360 0.99999 0.99999
1.74064 149.82882 1.00000 1.00001
1.70152 73.01697 1.00000 0.99999
1.61436 164.03368 1.00000 1.00000
2.73529 155.04264 1.00001 1.00000
1.85686 135.14392 1.00001 0.99999
2.84676 84.28487 0.99999 0.99999
1.27593 57.21419 1.00001 0.99999
2.60265 91.59534 0.99999 0.99999
2.95389 89.26474 1.00001 1.00001
2.59258 173.79851 1.00000 0.99999
2.00321 103.45685 1.00000 1.00000
2.23949 125.59975 1.00000 1.00000
1.98673 197.13755 1.00000 1.00001
2.64496 138.82044 1.00000 1.00000
2.20716 189.17560 1.00000 1.00001
2.38126 173.59275 0.99999 0.99999
1.02451 138.05067 1.00001 1.00000
1.64755 188.76157 1.00001 1.00000
2.75432 105.90201 1.00001 0.99999
2.80983 168.70671 1.00000 1.00000
1.41749 60.37829 1.00001 1.00000
1.56485 162.68191 0.99999 1.00000
2.53472 150.55368 1.00000 1.00001
1.83077 51.02979 1.00000 1.00000
2.79009 156.20107 1.00000 1.00000
2.20496 163.94325 1.00000 1.00000
2.34541 90.97521 1.00000 0.99999
1.91469 157.18245 1.00001 1.00000
2.16860 159.19014 1.00000 1.00001
2.39507 78.85490 1.00001 0.99999
2.13635 59.48529 0.99999 1.00001
2.61968 195.51314 1.00001 1.00001
2.11901 134.47429 0.99999 1.00000
2.77182 90.58632 0.99999 0.99999
2.72758 145.58676 1.00001 1.00001
2.03245 70.24351 1.00000 0.99999
1.51565 86.72051 1.00000 1.00001
1.62277 67.75122 1.00000 1.00000
2.12389 199.53659 1.00001 1.00001
1.58847 157.33603 0.99999 0.99999
2.14174 66.68679 0.99999 0.99999
2.60256 195.45296 0.99999 1.00000
1.80293 132.56742 1.00000 1.00000
2.65608 139.20277 1.00001 1.00000
2.25645 95.20571 1.00000 1.00000
2.82060 139.12818 0.99999 1.00001
2.85329 196.86946 1.00001 0.99999
2.56278 191.16549 1.00000 0.99999
1.38790 145.67700 1.00001 1.00000
1.69992 93.61064 1.00000 1.00000
1.60194 121.58711 1.00000 1.00000
2.96618 160.16706 1.00000 1.00000
1.53264 172.62249 1.00000 1.00001
1.33486 162.24175 1.00001 0.99999
2.04567 74.06533 0.99999 1.00001
2.62146 147.78201 1.00001 1.00000
2.98017 187.69725 0.99999 1.00000
1.30568 148.38626 1.00000 1.00000
2.52036 78.79440 1.00001 1.00001
1.49484 143.58833 1.00001 1.00000
1.15117 185.53038 0.99999 1.00001
2.44251 169.98867 0.99999 1.00001
2.55284 189.47469 1.00000 1.00000
1.96356 110.03919 0.99999 1.00000
1.05755 161.11362 1.00001 1.00001
2.65754 122.22111 0.99999 1.00000
1.25422 116.62890 1.00001 1.00000
2.58042 93.94934 1.00000 0.99999
1.05289 80.00315 1.00000 1.00000
2.15297 119.54608 0.99999 0.99999
1.03129 179.23240 1.00000 1.00001
1.07818 157.55415 1.00000 0.99999
2.04173 72.23946 1.00000 1.00000
1.91928 137.68565 1.00000 1.00001
2.14633 71.04406 1.00001 0.99999
1.86960 112.00529 1.00001 1.00000
2.94511 99.70375 1.00000 1.00001
2.28551 170.46002 1.00000 1.00001
1.48449 127.06751 0.99999 1.00000
1.22575 100.51265 1.00001 1.00001
2.26449 80.44378 0.99999 1.00000
2.99922 99.60014 1.00000 1.00000
2.54482 109.90166 1.00000 1.00001
2.92289 164.63111 0.99999 0.99999
1.82810 97.97314 1.00001 1.00000
2.16943 176.45368 0.99999 1.00000
2.46499 147.85121 1.00000 1.00000
1.63086 111.67379 0.99999 1.00000
2.72313 183.82671 1.00001 1.00000
1.57267 142.55740 1.00000 1.00000
1.02398 62.21288 1.00001 1.00001
2.27276 170.56782 0.99999 0.99999
2.25861 77.41213 0.99999 0.99999
2.61269 131.12163 1.00000 1.00001
2.51715 113.37082 1.00000 1.00000
2.21205 69.12133 0.99999 1.00000
1.78063 161.92152 1.00000 0.99999
1.31649 185.42401 1.00000 0.99999
1.14203 166.09555 1.00000 1.00000
2.71031 146.99345 1.00000 1.00000
2.16233 81.42137 1.00001 1.00000
2.37400 135.45211 1.00001 0.99999
2.64455 190.06405 1.00000 1.00000
1.93656 147.37124 1.00001 1.00001
1.40540 51.21447 1.00001 1.00001
1.06117 196.76236 1.00000 1.00000
2.65854 62.62891 1.00001 0.99999
2.51460 139.01379 1.00000 1.00000
1.42917 91.61176 1.00000 0.99999
1.74013 195.79051 1.00000 1.00000
1.30337 190.40671 1.00001 1.00001
1.16316 73.93122 1.00000 1.00001
1.00112 79.24668 0.99999 0.99999
1.84957 124.53873 1.00000 1.00001
2.21758 194.70781 0.99999 1.00000
1.68211 89.01797 1.00000 1.00001
1.59085 150.28635 1.00000 1.00000
1.03429 64.98688 0.99999 1.00000
1.29079 153.02841 1.00001 1.00000
1.13358 118.74382 0.99999 1.00000
1.86239 176.16228 1.00000 0.99999
2.28225 133.07610 1.00000 1.00000
1.18240 61.59538 0.99999 1.00000
2.47801 66.45422 1.00000 1.00000
2.99732 69.35175 1.00000 0.99999
2.07544 90.10505 1.00001 1.00000
2.73535 113.77977 1.00000 1.00000
2.14381 150.65777 1.00001 1.00000
1.70469 54.68269 1.00001 1.00001
1.75682 121.74475 1.00000 0.99999
2.83770 197.06027 1.00000 1.00000
2.46841 142.58280 1.00000 1.00000
1.88188 67.87117 0.99999 1.00001
2.48229 155.46594 1.00001 1.00001
1.36352 84.88119 1.00001 1.00000
1.54477 58.46451 0.99999 1.00000
2.84644 176.86331 1.00000 1.00000
2.70287 62.40362 1.00000 1.00000
1.51204 149.48204 1.00000 1.00000
2.52069 61.08556 1.00001 1.00000
1.43495 149.63134 1.00001 1.00001
2.40450 73.17137 1.00000 1.00000
2.88178 121.23691 1.00000 1.00001
2.33035 107.19238 1.00000 0.99999
2.96041 60.96874 1.00001 1.00001
1.43565 60.24359 1.00001 1.00001
1.55480 85.79143 1.00000 1.00000
1.02794 150.45612 0.99999 1.00000
2.91349 167.48167 0.99999 1.00000
1.17172 111.51708 1.00000 1.00001
2.90190 158.81650 1.00000 1.00000
1.62664 77.89518 1.00000 1.00001
1.84239 91.84639 1.00000 1.00000
1.50892 58.01248 0.99999 1.00000
1.17675 144.78883 1.00001 0.99999
2.52373 111.53616 1.00000 1.00001
1.52035 139.96020 1.00000 1.00000
1.75291 96.73882 0.99999 1.00000
1.13434 180.90646 0.99999 0.99999
2.11912 80.46229 1.00000 1.00001
1.45985 66.75470 1.00000 1.00000
2.67904 120.91769 1.00000 0.99999
1.72542 199.77120 1.00001 1.00001
2.97653 148.50444 1.00000 1.00001
1.80799 134.56111 1.00000 0.99999
1.03331 173.54393 1.00001 0.99999
1.99883 182.12704 1.00000 1.00000
1.25969 82.53275 0.99999 0.99999
2.04673 172.71262 1.00001 1.00000
1.75038 191.86254 0.99999 1.00000
2.60361 161.00098 0.99999 1.00000
1.60960 185.57366 0.99999 1.00000
2.27518 115.84221 1.00001 1.00000
2.97265 149.88644 0.99999 1.00000
2.84662 175.59269 1.00000 1.00000
1.70381 67.13943 1.00001 1.00000
1.97207 196.87108 1.00000 1.00000
1.81352 159.57031 1.00001 1.00001
2.64751 78.83314 1.00001 1.00001
1.54218 198.47400 0.99999 1.00000
1.26432 174.99802 1.00001 1.00000
2.68201 172.15499 0.99999 1.00000
2.76043 50.16784 1.00000 1.00000
2.43214 106.17988 1.00000 1.00000
1.24601 65.80635 1.00000 0.99999
1.72623 136.50492 0.99999 0.99999
2.98623 92.51118 1.00000 1.00000
2.87677 161.66861 0.99999 1.00001
1.94838 96.79092 0.99999 1.00000
1.30159 101.05907 1.00000 1.00000
2.90530 135.97941 0.99999 0.99999
2.25034 131.95389 0.99999 0.99999
1.40898 92.00048 1.00001 1.00000
2.25284 89.06907 1.00000 1.00001
2.78283 103.01093 0.99999 1.00000
1.93463 170.46120 1.00001 1.00000
2.13675 116.63898 1.00000 1.00000
2.40344 55.42176 0.99999 1.00000
2.16257 194.07377 1.00000 0.99999
2.34820 172.72883 1.00001 0.99999
2.76239 86.51620 1.00000 1.00000
2.74453 102.16741 1.00000 1.00001
1.74380 122.01665 1.00000 1.00000
2.15012 61.11216 1.00000 1.00001
1.69482 54.67533 0.99999 1.00000
2.04100 168.18582 1.00000 1.00001
2.24461 147.38561 1.00000 0.99999
1.81211 108.39408 1.00001 1.00000
2.09150 90.43417 1.00000 1.00001
2.44364 137.66492 0.99999 0.99999
1.22948 104.87704 1.00000 0.99999
2.55148 181.80527 1.00001 1.00000
2.21075 144.14504 0.99999 1.00001
1.90627 193.21126 1.00000 0.99999
1.39860 55.66812 1.00001 1.00001
1.77713 143.08871 1.00000 1.00001
2.84847 117.37823 1.00001 1.00001
2.83584 142.14804 0.99999 1.00000
1.77082 76.08663 0.99999 1.00000
1.11946 89.38827 0.99999 0.99999
